14.9300 19
14.9328 19
14.9355 20
14.9383 20
14.9414 20
14.9441 21
14.9469 21
14.9497 21
14.9525 21
14.9553 21
14.9581 21
14.9608 21
14.9636 22
14.9667 21
14.9695 21
14.9723 21
14.9750 21
14.9778 22
14.9806 22
14.9833 22
14.9861 22
14.9889 22
14.9919 22
14.9947 22
14.9975 22
15.0003 22
15.0031 22
15.0058 22
15.0086 22
15.0114 22
15.0142 22
15.0173 22
15.0200 22
15.0228 22
15.0256 22
15.0284 22
15.0311 22
15.0339 22
15.0366 22
15.0394 22
15.0425 22
15.0452 22
15.0480 22
15.0508 22
15.0536 22
15.0564 22
15.0592 22
15.0619 22
15.0647 22
15.0678 22
15.0706 22
15.0734 22
15.0761 22
15.0789 22
15.0817 22
15.0844 22
15.0872 22
15.0900 22
15.0927 22
15.0958 22
15.0986 22
15.1014 22
15.1042 22
15.1069 22
15.1097 22
15.1125 22
15.1153 22
15.1181 22
15.1211 22
15.1239 22
15.1267 22
15.1295 22
15.1323 22
15.1350 22
15.1377 22
15.1405 22
15.1433 22
15.1461 22
15.1491 22
15.1519 22
15.1547 22
15.1575 22
15.1603 22
15.1631 22
15.1658 22
15.1686 22
15.1714 22
15.1745 22
15.1773 22
15.1800 22
15.1828 22
15.1855 22
15.1883 22
15.1911 22
15.1939 22
15.1966 22
15.1997 22
15.2025 22
15.2053 22
15.2081 22
15.2108 22
15.2136 22
15.2164 22
15.2192 22
15.2220 22
15.2248 22
15.2278 22
15.2306 22
15.2333 22
15.2361 22
15.2389 22
15.2416 22
15.2444 22
15.2472 22
15.2500 22
15.2531 22
15.2558 22
15.2586 22
15.2614 22
15.2642 22
15.2670 22
15.2698 22
15.2725 22
15.2753 22
15.2784 22
15.2811 22
15.2839 22
15.2866 22
15.2894 22
15.2922 22
15.2950 22
15.2977 22
15.3006 22
15.3033 22
15.3064 22
15.3092 22
15.3119 22
15.3147 22
15.3175 22
15.3203 22
15.3231 22
15.3259 22
15.3289 22
15.3317 22
15.3344 22
15.3372 22
15.3400 22
15.3427 22
15.3455 22
15.3483 22
15.3511 22
15.3542 22
15.3569 20
15.3597 18
15.3625 18
15.3653 18
15.3681 18
15.3709 18
15.3736 18
15.3764 18
15.3795 18
15.3823 18
15.3850 18
15.3877 18
15.3905 18
15.3933 18
15.3961 18
15.3989 18
15.4017 18
15.4047 18
15.4075 18
15.4103 18
15.4131 18
15.4158 18
15.4186 18
15.4214 18
15.4242 18
15.4270 18
15.4298 18
15.4328 18
15.4355 18
15.4383 18
15.4411 18
15.4439 18
15.4466 18
15.4494 18
15.4522 18
15.4550 18
15.4581 18
15.4608 18
15.4636 18
15.4664 18
15.4692 18
15.4720 18
15.4748 18
15.4775 18
15.4803 18
15.4831 18
15.4861 18
15.4889 18
15.4916 18
15.4944 18
15.4972 18
15.5000 18
15.5028 18
15.5056 18
15.5083 18
15.5111 18
15.5142 18
15.5170 18
15.5198 18
15.5225 18
15.5253 18
15.5281 18
15.5309 18
15.5336 18
15.5364 18
15.5394 18
15.5422 18
15.5450 18
15.5477 18
15.5506 18
15.5533 18
15.5561 18
15.5589 18
15.5617 18
15.5644 18
15.5675 18
15.5703 18
15.5731 18
15.5759 18
15.5786 18
15.5814 18
15.5841 18
15.5869 18
15.5897 18
15.5925 18
15.5955 18
15.5983 18
15.6011 18
15.6039 18
15.6067 18
15.6094 18
15.6122 18
15.6150 18
15.6178 18
15.6206 18
15.6236 18
15.6264 18
15.6292 18
15.6320 18
15.6347 18
15.6375 18
15.6402 18
15.6430 18
15.6458 18
15.6489 18
15.6517 18
15.6544 18
15.6572 18
15.6600 18
15.6628 18
15.6656 18
15.6684 18
15.6711 18
15.6742 18
15.6770 18
15.6798 18
15.6825 18
15.6852 18
15.6880 18
15.6908 18
15.6936 18
15.6964 18
15.6994 18
15.7022 18
15.7050 18
15.7078 18
15.7106 18
15.7133 18
15.7161 18
15.7189 18
15.7217 18
15.7245 18
15.7275 18
15.7303 18
15.7331 18
15.7358 18
15.7386 18
15.7414 18
15.7441 18
15.7469 18
15.7497 18
15.7528 18
15.7556 18
15.7583 18
15.7611 18
15.7639 18
15.7667 18
15.7695 18
15.7723 18
15.7750 18
15.7778 18
15.7809 18
15.7836 18
15.7864 18
15.7891 18
15.7919 18
15.7947 18
15.7975 18
15.8003 18
15.8031 18
15.8061 18
15.8089 18
15.8117 18
15.8144 18
15.8173 18
15.8200 18
15.8228 18
15.8256 18
15.8284 18
15.8314 18
15.8341 18
15.8369 18
15.8397 18
15.8425 18
15.8452 18
15.8480 18
15.8508 18
15.8536 18
15.8567 18
15.8594 18
15.8622 18
15.8650 17
15.8678 17
15.8706 17
15.8734 17
15.8764 16
15.8792 15
15.8820 14
15.8847 14
15.8875 14
15.8902 14
15.8930 14
15.8961 14
15.8989 14
15.9017 14
15.9047 14
15.9075 14
15.9103 14
15.9133 14
15.9161 14
15.9189 14
15.9220 14
15.9248 14
15.9275 14
15.9306 14
15.9333 14
15.9361 14
15.9389 14
15.9416 14
15.9447 14
15.9475 14
15.9503 14
15.9533 14
15.9561 14
15.9589 14
15.9617 14
15.9647 14
15.9675 14
15.9703 14
15.9731 14
15.9759 14
15.9786 14
15.9814 14
15.9841 14
15.9869 14
15.9900 14
15.9927 14
15.9955 14
15.9983 14
16.0011 14
16.0039 14
16.0067 14
16.0094 14
16.0122 14
16.0150 14
16.0181 14
16.0209 14
16.0236 14
16.0264 14
16.0292 14
16.0320 14
16.0347 14
16.0375 14
16.0402 14
16.0433 14
16.0461 14
16.0489 14
16.0517 14
16.0544 14
16.0572 14
16.0600 14
16.0628 14
16.0656 14
16.0684 14
16.0714 14
16.0742 14
16.0770 14
16.0798 14
16.0825 14
16.0852 14
16.0880 14
16.0908 14
16.0936 14
16.0966 14
16.0994 14
16.1022 14
16.1050 14
16.1078 14
16.1106 14
16.1133 14
16.1161 14
16.1189 14
16.1220 14
16.1248 14
16.1275 14
16.1303 14
16.1331 14
16.1358 14
16.1386 14
16.1414 14
16.1441 14
16.1469 14
16.1500 14
16.1528 14
16.1556 14
16.1583 14
16.1611 14
16.1639 14
16.1667 14
16.1695 14
16.1723 14
16.1753 14
16.1781 14
16.1809 14
16.1836 14
16.1864 14
16.1891 14
16.1919 14
16.1947 14
16.1975 14
16.2003 14
16.2033 14
16.2061 14
16.2089 14
16.2117 14
16.2144 14
16.2173 14
16.2200 14
16.2228 14
16.2256 14
16.2284 14
16.2314 14
16.2341 14
16.2369 14
16.2397 14
16.2425 14
16.2452 14
16.2480 14
16.2508 14
16.2536 14
16.2567 14
16.2594 14
16.2622 14
16.2650 14
16.2678 14
16.2706 14
16.2734 14
16.2761 14
16.2789 14
16.2820 14
16.2847 14
16.2875 14
16.2902 14
16.2930 14
16.2958 14
16.2986 14
16.3014 14
16.3042 14
16.3072 14
16.3100 14
16.3128 14
16.3156 14
16.3184 14
16.3211 14
16.3239 14
16.3267 14
16.3295 14
16.3323 14
16.3352 14
16.3380 15
16.3408 15
16.3436 15
16.3464 14
16.3491 14
16.3519 15
16.3547 15
16.3575 15
16.3606 15
16.3633 15
16.3661 14
16.3689 15
16.3717 15
16.3745 15
16.3773 15
16.3800 15
16.3828 15
16.3858 15
16.3886 15
16.3914 15
16.3941 15
16.3969 15
16.3997 15
16.4025 15
16.4053 15
16.4083 15
16.4111 15
16.4139 15
16.4167 15
16.4195 15
16.4223 14
16.4250 14
16.4278 14
16.4309 14
16.4336 14
16.4364 14
16.4391 14
16.4419 14
16.4447 14
16.4475 14
16.4503 14
16.4533 14
16.4561 14
16.4589 14
16.4617 14
16.4644 14
16.4673 14
16.4700 14
16.4728 14
16.4759 14
16.4786 14
16.4814 14
16.4841 14
16.4869 14
16.4897 14
16.4925 14
16.4955 14
16.4983 14
16.5011 14
16.5039 14
16.5069 14
16.5097 14
16.5125 14
16.5156 14
16.5184 14
16.5214 13
16.5245 12
16.5275 13
16.5303 13
16.5331 13
16.5358 13
16.5386 13
16.5414 13
16.5444 13
16.5472 13
16.5500 13
16.5528 13
16.5556 14
16.5586 13
16.5614 13
16.5642 13
16.5673 13
16.5700 13
16.5731 13
16.5761 13
16.5789 13
16.5820 13
16.5850 13
16.5877 13
16.5914 13
16.5950 13
16.5983 12
16.6017 12
16.6053 12
16.6086 12
16.6117 12
16.6144 12
16.6173 12
16.6200 12
16.6228 12
16.6256 13
16.6284 13
16.6314 13
16.6341 13
16.6369 14
16.6397 14
16.6425 14
16.6452 14
16.6483 14
16.6511 14
16.6539 14
16.6567 14
16.6594 14
16.6622 14
16.6650 14
16.6681 13
16.6709 13
16.6736 13
16.6764 13
16.6795 13
16.6823 13
16.6852 13
16.6883 13
16.6914 13
16.6947 12
16.6983 12
16.7014 12
16.7050 12
16.7081 12
16.7122 12
16.7158 11
16.7195 11
16.7223 11
16.7253 11
16.7281 11
16.7309 13
16.7336 13
16.7364 13
16.7391 13
16.7419 13
16.7447 13
16.7475 13
16.7503 13
16.7533 13
16.7561 13
16.7589 13
16.7617 13
16.7644 13
16.7673 13
16.7700 13
16.7728 13
16.7756 13
16.7784 13
16.7814 13
16.7841 13
16.7869 13
16.7897 13
16.7925 13
16.7952 13
16.7980 13
16.8008 13
16.8036 13
16.8064 13
16.8094 13
16.8122 13
16.8150 13
16.8178 13
16.8206 13
16.8234 13
16.8261 13
16.8289 13
16.8317 13
16.8344 13
16.8375 13
16.8402 13
16.8430 13
16.8458 13
16.8486 13
16.8514 13
16.8542 13
16.8569 13
16.8597 13
16.8628 13
16.8656 13
16.8684 13
16.8711 13
16.8739 13
16.8767 13
16.8795 13
16.8823 13
16.8850 13
16.8877 13
16.8908 13
16.8936 13
16.8964 13
16.8991 13
16.9019 13
16.9047 13
16.9075 13
16.9103 13
16.9131 13
16.9158 13
16.9189 13
16.9217 13
16.9245 13
16.9273 13
16.9300 13
16.9328 13
16.9355 13
16.9383 13
16.9411 13
16.9441 13
16.9469 13
16.9497 13
16.9525 13
16.9553 13
16.9581 13
16.9608 13
16.9636 13
16.9664 13
16.9692 13
16.9723 13
16.9750 13
16.9778 13
16.9806 13
16.9833 13
16.9861 13
16.9889 13
16.9916 13
16.9944 13
16.9972 13
17.0003 13
17.0031 13
17.0058 13
17.0086 13
17.0114 13
17.0142 13
17.0170 13
17.0198 13
17.0225 13
17.0253 13
17.0284 13
17.0311 13
17.0339 13
17.0366 13
17.0394 13
17.0422 13
17.0450 13
17.0477 13
17.0506 13
17.0533 13
17.0564 13
17.0592 13
17.0619 13
17.0647 13
17.0675 13
17.0703 13
17.0731 13
17.0759 13
17.0786 13
17.0817 13
17.0844 13
17.0872 13
17.0900 13
17.0927 13
17.0955 13
17.0983 13
17.1011 13
17.1039 13
17.1067 13
17.1097 13
17.1125 13
17.1153 13
17.1181 13
17.1209 13
17.1236 13
17.1264 13
17.1292 13
17.1320 13
17.1347 13
17.1377 13
17.1405 13
17.1433 13
17.1461 13
17.1489 13
17.1517 13
17.1544 13
17.1572 13
17.1600 13
17.1628 13
17.1658 13
17.1686 13
17.1714 13
17.1742 13
17.1770 13
17.1798 13
17.1825 13
17.1852 13
17.1880 13
17.1911 13
17.1939 13
17.1966 13
17.1994 13
17.2022 13
17.2050 13
17.2078 13
17.2106 13
17.2133 13
17.2161 13
17.2192 13
17.2220 13
17.2248 13
17.2275 13
17.2303 13
17.2331 13
17.2358 13
17.2386 13
17.2414 13
17.2441 13
17.2472 13
17.2500 13
17.2528 13
17.2556 13
17.2583 13
17.2611 13
17.2639 13
17.2667 13
17.2695 13
17.2725 13
17.2753 13
17.2781 13
17.2809 13
17.2836 13
17.2864 13
17.2891 13
17.2919 13
